nums_r,timerange_r,longitude_range_r,latitude_range_r,sp_dist_r_1,sp_dist_r_2,sp_dist_r_3,sp_dist_r_4,sp_dist_r_5,sp_dist_r_6,sp_dist_r_7,sp_dist_r_8,sp_dist_r_9,sp_dist_r_10,sp_dist_r_11,sp_dist_r_12,sp_dist_r_13,sp_dist_r_14,sp_dist_r_15,sp_dist_r_16,sp_dist_r_17,sp_dist_r_18,sp_dist_r_19,sp_dist_r_20,sp_dist_r_21,sp_dist_r_22,sp_dist_r_23,sp_dist_r_24,sp_dist_r_25,tp_dist_r_1,tp_dist_r_2,tp_dist_r_3,tp_dist_r_4,tp_dist_r_5,tp_dist_r_6,tp_dist_r_7,tp_dist_r_8,tp_dist_r_9,tp_dist_r_10,tp_dist_r_11,tp_dist_r_12,tp_dist_r_13,tp_dist_r_14,tp_dist_r_15,tp_dist_r_16,tp_dist_r_17,tp_dist_r_18,tp_dist_r_19,tp_dist_r_20,tp_dist_r_21,tp_dist_r_22,tp_dist_r_23,tp_dist_r_24,tp_dist_r_25,tp_dist_r_26,tp_dist_r_27,tp_dist_r_28,tp_dist_r_29,tp_dist_r_30,tp_dist_r_31,nums_s,timerange_s,longitude_range_s,latitude_range_s,sp_dist_s_1,sp_dist_s_2,sp_dist_s_3,sp_dist_s_4,sp_dist_s_5,sp_dist_s_6,sp_dist_s_7,sp_dist_s_8,sp_dist_s_9,sp_dist_s_10,sp_dist_s_11,sp_dist_s_12,sp_dist_s_13,sp_dist_s_14,sp_dist_s_15,sp_dist_s_16,sp_dist_s_17,sp_dist_s_18,sp_dist_s_19,sp_dist_s_20,sp_dist_s_21,sp_dist_s_22,sp_dist_s_23,sp_dist_s_24,sp_dist_s_25,tp_dist_s_1,tp_dist_s_2,tp_dist_s_3,tp_dist_s_4,tp_dist_s_5,tp_dist_s_6,tp_dist_s_7,tp_dist_s_8,tp_dist_s_9,tp_dist_s_10,tp_dist_s_11,tp_dist_s_12,tp_dist_s_13,tp_dist_s_14,tp_dist_s_15,tp_dist_s_16,tp_dist_s_17,tp_dist_s_18,tp_dist_s_19,tp_dist_s_20,tp_dist_s_21,tp_dist_s_22,tp_dist_s_23,tp_dist_s_24,tp_dist_s_25,tp_dist_s_26,tp_dist_s_27,tp_dist_s_28,tp_dist_s_29,tp_dist_s_30,tp_dist_s_31,k,nodes,alpha,beta,binNum,execute_time
60115,180,115.781601,3284.361448,59704,0,0,0,0,0,0,0,0,0,0,0,0,0,0,3,0,0,0,1,407,0,0,0,0,292,272,312,296,311,290,263,291,301,327,374,338,297,327,333,355,356,374,314,311,278,288,338,340,399,379,300,286,349,322,361,60287,181,120.835133,115.238906,0,0,0,0,59903,0,0,0,0,0,0,0,0,0,0,0,0,0,0,1,383,0,0,0,0,297,266,295,307,298,266,291,289,357,323,370,390,319,353,351,298,359,354,358,304,262,337,358,355,358,349,299,332,304,306,360,10,5,50,16,10,32.573
60115,180,115.781601,3284.361448,59704,0,0,0,0,0,0,0,0,0,0,0,0,0,0,3,0,0,0,1,407,0,0,0,0,292,272,312,296,311,290,263,291,301,327,374,338,297,327,333,355,356,374,314,311,278,288,338,340,399,379,300,286,349,322,361,60287,181,120.835133,115.238906,0,0,0,0,59903,0,0,0,0,0,0,0,0,0,0,0,0,0,0,1,383,0,0,0,0,297,266,295,307,298,266,291,289,357,323,370,390,319,353,351,298,359,354,358,304,262,337,358,355,358,349,299,332,304,306,360,10,5,50,28,10,31.288
60115,180,115.781601,3284.361448,59704,0,0,0,0,0,0,0,0,0,0,0,0,0,0,3,0,0,0,1,407,0,0,0,0,292,272,312,296,311,290,263,291,301,327,374,338,297,327,333,355,356,374,314,311,278,288,338,340,399,379,300,286,349,322,361,60287,181,120.835133,115.238906,0,0,0,0,59903,0,0,0,0,0,0,0,0,0,0,0,0,0,0,1,383,0,0,0,0,297,266,295,307,298,266,291,289,357,323,370,390,319,353,351,298,359,354,358,304,262,337,358,355,358,349,299,332,304,306,360,10,5,50,40,10,34.427
60115,180,115.781601,3284.361448,59704,0,0,0,0,0,0,0,0,0,0,0,0,0,0,3,0,0,0,1,407,0,0,0,0,292,272,312,296,311,290,263,291,301,327,374,338,297,327,333,355,356,374,314,311,278,288,338,340,399,379,300,286,349,322,361,60287,181,120.835133,115.238906,0,0,0,0,59903,0,0,0,0,0,0,0,0,0,0,0,0,0,0,1,383,0,0,0,0,297,266,295,307,298,266,291,289,357,323,370,390,319,353,351,298,359,354,358,304,262,337,358,355,358,349,299,332,304,306,360,10,5,50,5,10,34.94
60115,180,115.781601,3284.361448,59704,0,0,0,0,0,0,0,0,0,0,0,0,0,0,3,0,0,0,1,407,0,0,0,0,292,272,312,296,311,290,263,291,301,327,374,338,297,327,333,355,356,374,314,311,278,288,338,340,399,379,300,286,349,322,361,60287,181,120.835133,115.238906,0,0,0,0,59903,0,0,0,0,0,0,0,0,0,0,0,0,0,0,1,383,0,0,0,0,297,266,295,307,298,266,291,289,357,323,370,390,319,353,351,298,359,354,358,304,262,337,358,355,358,349,299,332,304,306,360,10,5,56,62,431,165.824
60115,180,115.781601,3284.361448,59704,0,0,0,0,0,0,0,0,0,0,0,0,0,0,3,0,0,0,1,407,0,0,0,0,292,272,312,296,311,290,263,291,301,327,374,338,297,327,333,355,356,374,314,311,278,288,338,340,399,379,300,286,349,322,361,60287,181,120.835133,115.238906,0,0,0,0,59903,0,0,0,0,0,0,0,0,0,0,0,0,0,0,1,383,0,0,0,0,297,266,295,307,298,266,291,289,357,323,370,390,319,353,351,298,359,354,358,304,262,337,358,355,358,349,299,332,304,306,360,10,5,61,92,244,178.968
60115,180,115.781601,3284.361448,59704,0,0,0,0,0,0,0,0,0,0,0,0,0,0,3,0,0,0,1,407,0,0,0,0,292,272,312,296,311,290,263,291,301,327,374,338,297,327,333,355,356,374,314,311,278,288,338,340,399,379,300,286,349,322,361,60287,181,120.835133,115.238906,0,0,0,0,59903,0,0,0,0,0,0,0,0,0,0,0,0,0,0,1,383,0,0,0,0,297,266,295,307,298,266,291,289,357,323,370,390,319,353,351,298,359,354,358,304,262,337,358,355,358,349,299,332,304,306,360,10,5,73,96,277,199.332
60115,180,115.781601,3284.361448,59704,0,0,0,0,0,0,0,0,0,0,0,0,0,0,3,0,0,0,1,407,0,0,0,0,292,272,312,296,311,290,263,291,301,327,374,338,297,327,333,355,356,374,314,311,278,288,338,340,399,379,300,286,349,322,361,60287,181,120.835133,115.238906,0,0,0,0,59903,0,0,0,0,0,0,0,0,0,0,0,0,0,0,1,383,0,0,0,0,297,266,295,307,298,266,291,289,357,323,370,390,319,353,351,298,359,354,358,304,262,337,358,355,358,349,299,332,304,306,360,10,5,75,74,748,158.116
60115,180,115.781601,3284.361448,59704,0,0,0,0,0,0,0,0,0,0,0,0,0,0,3,0,0,0,1,407,0,0,0,0,292,272,312,296,311,290,263,291,301,327,374,338,297,327,333,355,356,374,314,311,278,288,338,340,399,379,300,286,349,322,361,60287,181,120.835133,115.238906,0,0,0,0,59903,0,0,0,0,0,0,0,0,0,0,0,0,0,0,1,383,0,0,0,0,297,266,295,307,298,266,291,289,357,323,370,390,319,353,351,298,359,354,358,304,262,337,358,355,358,349,299,332,304,306,360,10,5,78,20,654,74.83
60115,180,115.781601,3284.361448,59704,0,0,0,0,0,0,0,0,0,0,0,0,0,0,3,0,0,0,1,407,0,0,0,0,292,272,312,296,311,290,263,291,301,327,374,338,297,327,333,355,356,374,314,311,278,288,338,340,399,379,300,286,349,322,361,60287,181,120.835133,115.238906,0,0,0,0,59903,0,0,0,0,0,0,0,0,0,0,0,0,0,0,1,383,0,0,0,0,297,266,295,307,298,266,291,289,357,323,370,390,319,353,351,298,359,354,358,304,262,337,358,355,358,349,299,332,304,306,360,10,5,91,27,560,68.135
60115,180,115.781601,3284.361448,59704,0,0,0,0,0,0,0,0,0,0,0,0,0,0,3,0,0,0,1,407,0,0,0,0,292,272,312,296,311,290,263,291,301,327,374,338,297,327,333,355,356,374,314,311,278,288,338,340,399,379,300,286,349,322,361,60287,181,120.835133,115.238906,0,0,0,0,59903,0,0,0,0,0,0,0,0,0,0,0,0,0,0,1,383,0,0,0,0,297,266,295,307,298,266,291,289,357,323,370,390,319,353,351,298,359,354,358,304,262,337,358,355,358,349,299,332,304,306,360,10,5,97,31,992,61.792
60115,180,115.781601,3284.361448,59704,0,0,0,0,0,0,0,0,0,0,0,0,0,0,3,0,0,0,1,407,0,0,0,0,292,272,312,296,311,290,263,291,301,327,374,338,297,327,333,355,356,374,314,311,278,288,338,340,399,379,300,286,349,322,361,60287,181,120.835133,115.238906,0,0,0,0,59903,0,0,0,0,0,0,0,0,0,0,0,0,0,0,1,383,0,0,0,0,297,266,295,307,298,266,291,289,357,323,370,390,319,353,351,298,359,354,358,304,262,337,358,355,358,349,299,332,304,306,360,10,5,100,20,200,67.325
60115,180,115.781601,3284.361448,59704,0,0,0,0,0,0,0,0,0,0,0,0,0,0,3,0,0,0,1,407,0,0,0,0,292,272,312,296,311,290,263,291,301,327,374,338,297,327,333,355,356,374,314,311,278,288,338,340,399,379,300,286,349,322,361,60287,181,120.835133,115.238906,0,0,0,0,59903,0,0,0,0,0,0,0,0,0,0,0,0,0,0,1,383,0,0,0,0,297,266,295,307,298,266,291,289,357,323,370,390,319,353,351,298,359,354,358,304,262,337,358,355,358,349,299,332,304,306,360,10,5,102,48,143,121.969
60115,180,115.781601,3284.361448,59704,0,0,0,0,0,0,0,0,0,0,0,0,0,0,3,0,0,0,1,407,0,0,0,0,292,272,312,296,311,290,263,291,301,327,374,338,297,327,333,355,356,374,314,311,278,288,338,340,399,379,300,286,349,322,361,60287,181,120.835133,115.238906,0,0,0,0,59903,0,0,0,0,0,0,0,0,0,0,0,0,0,0,1,383,0,0,0,0,297,266,295,307,298,266,291,289,357,323,370,390,319,353,351,298,359,354,358,304,262,337,358,355,358,349,299,332,304,306,360,10,5,104,14,587,95.12
60115,180,115.781601,3284.361448,59704,0,0,0,0,0,0,0,0,0,0,0,0,0,0,3,0,0,0,1,407,0,0,0,0,292,272,312,296,311,290,263,291,301,327,374,338,297,327,333,355,356,374,314,311,278,288,338,340,399,379,300,286,349,322,361,60287,181,120.835133,115.238906,0,0,0,0,59903,0,0,0,0,0,0,0,0,0,0,0,0,0,0,1,383,0,0,0,0,297,266,295,307,298,266,291,289,357,323,370,390,319,353,351,298,359,354,358,304,262,337,358,355,358,349,299,332,304,306,360,10,5,109,12,537,81.566
60115,180,115.781601,3284.361448,59704,0,0,0,0,0,0,0,0,0,0,0,0,0,0,3,0,0,0,1,407,0,0,0,0,292,272,312,296,311,290,263,291,301,327,374,338,297,327,333,355,356,374,314,311,278,288,338,340,399,379,300,286,349,322,361,60287,181,120.835133,115.238906,0,0,0,0,59903,0,0,0,0,0,0,0,0,0,0,0,0,0,0,1,383,0,0,0,0,297,266,295,307,298,266,291,289,357,323,370,390,319,353,351,298,359,354,358,304,262,337,358,355,358,349,299,332,304,306,360,10,5,109,77,248,207.553
60115,180,115.781601,3284.361448,59704,0,0,0,0,0,0,0,0,0,0,0,0,0,0,3,0,0,0,1,407,0,0,0,0,292,272,312,296,311,290,263,291,301,327,374,338,297,327,333,355,356,374,314,311,278,288,338,340,399,379,300,286,349,322,361,60287,181,120.835133,115.238906,0,0,0,0,59903,0,0,0,0,0,0,0,0,0,0,0,0,0,0,1,383,0,0,0,0,297,266,295,307,298,266,291,289,357,323,370,390,319,353,351,298,359,354,358,304,262,337,358,355,358,349,299,332,304,306,360,10,5,118,72,233,172.52
60115,180,115.781601,3284.361448,59704,0,0,0,0,0,0,0,0,0,0,0,0,0,0,3,0,0,0,1,407,0,0,0,0,292,272,312,296,311,290,263,291,301,327,374,338,297,327,333,355,356,374,314,311,278,288,338,340,399,379,300,286,349,322,361,60287,181,120.835133,115.238906,0,0,0,0,59903,0,0,0,0,0,0,0,0,0,0,0,0,0,0,1,383,0,0,0,0,297,266,295,307,298,266,291,289,357,323,370,390,319,353,351,298,359,354,358,304,262,337,358,355,358,349,299,332,304,306,360,10,5,120,24,804,73.559
60115,180,115.781601,3284.361448,59704,0,0,0,0,0,0,0,0,0,0,0,0,0,0,3,0,0,0,1,407,0,0,0,0,292,272,312,296,311,290,263,291,301,327,374,338,297,327,333,355,356,374,314,311,278,288,338,340,399,379,300,286,349,322,361,60287,181,120.835133,115.238906,0,0,0,0,59903,0,0,0,0,0,0,0,0,0,0,0,0,0,0,1,383,0,0,0,0,297,266,295,307,298,266,291,289,357,323,370,390,319,353,351,298,359,354,358,304,262,337,358,355,358,349,299,332,304,306,360,10,5,140,10,221,36.421
60115,180,115.781601,3284.361448,59704,0,0,0,0,0,0,0,0,0,0,0,0,0,0,3,0,0,0,1,407,0,0,0,0,292,272,312,296,311,290,263,291,301,327,374,338,297,327,333,355,356,374,314,311,278,288,338,340,399,379,300,286,349,322,361,60287,181,120.835133,115.238906,0,0,0,0,59903,0,0,0,0,0,0,0,0,0,0,0,0,0,0,1,383,0,0,0,0,297,266,295,307,298,266,291,289,357,323,370,390,319,353,351,298,359,354,358,304,262,337,358,355,358,349,299,332,304,306,360,10,5,141,44,667,119.89
60115,180,115.781601,3284.361448,59704,0,0,0,0,0,0,0,0,0,0,0,0,0,0,3,0,0,0,1,407,0,0,0,0,292,272,312,296,311,290,263,291,301,327,374,338,297,327,333,355,356,374,314,311,278,288,338,340,399,379,300,286,349,322,361,60287,181,120.835133,115.238906,0,0,0,0,59903,0,0,0,0,0,0,0,0,0,0,0,0,0,0,1,383,0,0,0,0,297,266,295,307,298,266,291,289,357,323,370,390,319,353,351,298,359,354,358,304,262,337,358,355,358,349,299,332,304,306,360,10,5,143,33,871,98.684
60115,180,115.781601,3284.361448,59704,0,0,0,0,0,0,0,0,0,0,0,0,0,0,3,0,0,0,1,407,0,0,0,0,292,272,312,296,311,290,263,291,301,327,374,338,297,327,333,355,356,374,314,311,278,288,338,340,399,379,300,286,349,322,361,60287,181,120.835133,115.238906,0,0,0,0,59903,0,0,0,0,0,0,0,0,0,0,0,0,0,0,1,383,0,0,0,0,297,266,295,307,298,266,291,289,357,323,370,390,319,353,351,298,359,354,358,304,262,337,358,355,358,349,299,332,304,306,360,10,5,145,10,221,36.437
60115,180,115.781601,3284.361448,59704,0,0,0,0,0,0,0,0,0,0,0,0,0,0,3,0,0,0,1,407,0,0,0,0,292,272,312,296,311,290,263,291,301,327,374,338,297,327,333,355,356,374,314,311,278,288,338,340,399,379,300,286,349,322,361,60287,181,120.835133,115.238906,0,0,0,0,59903,0,0,0,0,0,0,0,0,0,0,0,0,0,0,1,383,0,0,0,0,297,266,295,307,298,266,291,289,357,323,370,390,319,353,351,298,359,354,358,304,262,337,358,355,358,349,299,332,304,306,360,10,5,145,8,221,37.107
60115,180,115.781601,3284.361448,59704,0,0,0,0,0,0,0,0,0,0,0,0,0,0,3,0,0,0,1,407,0,0,0,0,292,272,312,296,311,290,263,291,301,327,374,338,297,327,333,355,356,374,314,311,278,288,338,340,399,379,300,286,349,322,361,60287,181,120.835133,115.238906,0,0,0,0,59903,0,0,0,0,0,0,0,0,0,0,0,0,0,0,1,383,0,0,0,0,297,266,295,307,298,266,291,289,357,323,370,390,319,353,351,298,359,354,358,304,262,337,358,355,358,349,299,332,304,306,360,10,5,145,9,221,36.961
60115,180,115.781601,3284.361448,59704,0,0,0,0,0,0,0,0,0,0,0,0,0,0,3,0,0,0,1,407,0,0,0,0,292,272,312,296,311,290,263,291,301,327,374,338,297,327,333,355,356,374,314,311,278,288,338,340,399,379,300,286,349,322,361,60287,181,120.835133,115.238906,0,0,0,0,59903,0,0,0,0,0,0,0,0,0,0,0,0,0,0,1,383,0,0,0,0,297,266,295,307,298,266,291,289,357,323,370,390,319,353,351,298,359,354,358,304,262,337,358,355,358,349,299,332,304,306,360,10,5,148,38,143,121.898
60115,180,115.781601,3284.361448,59704,0,0,0,0,0,0,0,0,0,0,0,0,0,0,3,0,0,0,1,407,0,0,0,0,292,272,312,296,311,290,263,291,301,327,374,338,297,327,333,355,356,374,314,311,278,288,338,340,399,379,300,286,349,322,361,60287,181,120.835133,115.238906,0,0,0,0,59903,0,0,0,0,0,0,0,0,0,0,0,0,0,0,1,383,0,0,0,0,297,266,295,307,298,266,291,289,357,323,370,390,319,353,351,298,359,354,358,304,262,337,358,355,358,349,299,332,304,306,360,10,5,152,70,410,203.156
60115,180,115.781601,3284.361448,59704,0,0,0,0,0,0,0,0,0,0,0,0,0,0,3,0,0,0,1,407,0,0,0,0,292,272,312,296,311,290,263,291,301,327,374,338,297,327,333,355,356,374,314,311,278,288,338,340,399,379,300,286,349,322,361,60287,181,120.835133,115.238906,0,0,0,0,59903,0,0,0,0,0,0,0,0,0,0,0,0,0,0,1,383,0,0,0,0,297,266,295,307,298,266,291,289,357,323,370,390,319,353,351,298,359,354,358,304,262,337,358,355,358,349,299,332,304,306,360,10,5,166,60,718,160.76
60115,180,115.781601,3284.361448,59704,0,0,0,0,0,0,0,0,0,0,0,0,0,0,3,0,0,0,1,407,0,0,0,0,292,272,312,296,311,290,263,291,301,327,374,338,297,327,333,355,356,374,314,311,278,288,338,340,399,379,300,286,349,322,361,60287,181,120.835133,115.238906,0,0,0,0,59903,0,0,0,0,0,0,0,0,0,0,0,0,0,0,1,383,0,0,0,0,297,266,295,307,298,266,291,289,357,323,370,390,319,353,351,298,359,354,358,304,262,337,358,355,358,349,299,332,304,306,360,10,5,166,73,616,221.536
60115,180,115.781601,3284.361448,59704,0,0,0,0,0,0,0,0,0,0,0,0,0,0,3,0,0,0,1,407,0,0,0,0,292,272,312,296,311,290,263,291,301,327,374,338,297,327,333,355,356,374,314,311,278,288,338,340,399,379,300,286,349,322,361,60287,181,120.835133,115.238906,0,0,0,0,59903,0,0,0,0,0,0,0,0,0,0,0,0,0,0,1,383,0,0,0,0,297,266,295,307,298,266,291,289,357,323,370,390,319,353,351,298,359,354,358,304,262,337,358,355,358,349,299,332,304,306,360,10,5,178,29,202,92.432
60115,180,115.781601,3284.361448,59704,0,0,0,0,0,0,0,0,0,0,0,0,0,0,3,0,0,0,1,407,0,0,0,0,292,272,312,296,311,290,263,291,301,327,374,338,297,327,333,355,356,374,314,311,278,288,338,340,399,379,300,286,349,322,361,60287,181,120.835133,115.238906,0,0,0,0,59903,0,0,0,0,0,0,0,0,0,0,0,0,0,0,1,383,0,0,0,0,297,266,295,307,298,266,291,289,357,323,370,390,319,353,351,298,359,354,358,304,262,337,358,355,358,349,299,332,304,306,360,10,5,190,33,99,72.584
60115,180,115.781601,3284.361448,59704,0,0,0,0,0,0,0,0,0,0,0,0,0,0,3,0,0,0,1,407,0,0,0,0,292,272,312,296,311,290,263,291,301,327,374,338,297,327,333,355,356,374,314,311,278,288,338,340,399,379,300,286,349,322,361,60287,181,120.835133,115.238906,0,0,0,0,59903,0,0,0,0,0,0,0,0,0,0,0,0,0,0,1,383,0,0,0,0,297,266,295,307,298,266,291,289,357,323,370,390,319,353,351,298,359,354,358,304,262,337,358,355,358,349,299,332,304,306,360,10,5,191,10,782,60.864
60115,180,115.781601,3284.361448,59704,0,0,0,0,0,0,0,0,0,0,0,0,0,0,3,0,0,0,1,407,0,0,0,0,292,272,312,296,311,290,263,291,301,327,374,338,297,327,333,355,356,374,314,311,278,288,338,340,399,379,300,286,349,322,361,60287,181,120.835133,115.238906,0,0,0,0,59903,0,0,0,0,0,0,0,0,0,0,0,0,0,0,1,383,0,0,0,0,297,266,295,307,298,266,291,289,357,323,370,390,319,353,351,298,359,354,358,304,262,337,358,355,358,349,299,332,304,306,360,10,5,207,59,483,171.635
60115,180,115.781601,3284.361448,59704,0,0,0,0,0,0,0,0,0,0,0,0,0,0,3,0,0,0,1,407,0,0,0,0,292,272,312,296,311,290,263,291,301,327,374,338,297,327,333,355,356,374,314,311,278,288,338,340,399,379,300,286,349,322,361,60287,181,120.835133,115.238906,0,0,0,0,59903,0,0,0,0,0,0,0,0,0,0,0,0,0,0,1,383,0,0,0,0,297,266,295,307,298,266,291,289,357,323,370,390,319,353,351,298,359,354,358,304,262,337,358,355,358,349,299,332,304,306,360,10,5,219,57,842,169.162
60115,180,115.781601,3284.361448,59704,0,0,0,0,0,0,0,0,0,0,0,0,0,0,3,0,0,0,1,407,0,0,0,0,292,272,312,296,311,290,263,291,301,327,374,338,297,327,333,355,356,374,314,311,278,288,338,340,399,379,300,286,349,322,361,60287,181,120.835133,115.238906,0,0,0,0,59903,0,0,0,0,0,0,0,0,0,0,0,0,0,0,1,383,0,0,0,0,297,266,295,307,298,266,291,289,357,323,370,390,319,353,351,298,359,354,358,304,262,337,358,355,358,349,299,332,304,306,360,10,5,230,84,887,310.343
60115,180,115.781601,3284.361448,59704,0,0,0,0,0,0,0,0,0,0,0,0,0,0,3,0,0,0,1,407,0,0,0,0,292,272,312,296,311,290,263,291,301,327,374,338,297,327,333,355,356,374,314,311,278,288,338,340,399,379,300,286,349,322,361,60287,181,120.835133,115.238906,0,0,0,0,59903,0,0,0,0,0,0,0,0,0,0,0,0,0,0,1,383,0,0,0,0,297,266,295,307,298,266,291,289,357,323,370,390,319,353,351,298,359,354,358,304,262,337,358,355,358,349,299,332,304,306,360,10,5,249,33,374,104.782
60115,180,115.781601,3284.361448,59704,0,0,0,0,0,0,0,0,0,0,0,0,0,0,3,0,0,0,1,407,0,0,0,0,292,272,312,296,311,290,263,291,301,327,374,338,297,327,333,355,356,374,314,311,278,288,338,340,399,379,300,286,349,322,361,60287,181,120.835133,115.238906,0,0,0,0,59903,0,0,0,0,0,0,0,0,0,0,0,0,0,0,1,383,0,0,0,0,297,266,295,307,298,266,291,289,357,323,370,390,319,353,351,298,359,354,358,304,262,337,358,355,358,349,299,332,304,306,360,10,5,254,60,397,186.534
60115,180,115.781601,3284.361448,59704,0,0,0,0,0,0,0,0,0,0,0,0,0,0,3,0,0,0,1,407,0,0,0,0,292,272,312,296,311,290,263,291,301,327,374,338,297,327,333,355,356,374,314,311,278,288,338,340,399,379,300,286,349,322,361,60287,181,120.835133,115.238906,0,0,0,0,59903,0,0,0,0,0,0,0,0,0,0,0,0,0,0,1,383,0,0,0,0,297,266,295,307,298,266,291,289,357,323,370,390,319,353,351,298,359,354,358,304,262,337,358,355,358,349,299,332,304,306,360,10,5,260,49,969,132.674
60115,180,115.781601,3284.361448,59704,0,0,0,0,0,0,0,0,0,0,0,0,0,0,3,0,0,0,1,407,0,0,0,0,292,272,312,296,311,290,263,291,301,327,374,338,297,327,333,355,356,374,314,311,278,288,338,340,399,379,300,286,349,322,361,60287,181,120.835133,115.238906,0,0,0,0,59903,0,0,0,0,0,0,0,0,0,0,0,0,0,0,1,383,0,0,0,0,297,266,295,307,298,266,291,289,357,323,370,390,319,353,351,298,359,354,358,304,262,337,358,355,358,349,299,332,304,306,360,10,5,264,24,672,99.399
60115,180,115.781601,3284.361448,59704,0,0,0,0,0,0,0,0,0,0,0,0,0,0,3,0,0,0,1,407,0,0,0,0,292,272,312,296,311,290,263,291,301,327,374,338,297,327,333,355,356,374,314,311,278,288,338,340,399,379,300,286,349,322,361,60287,181,120.835133,115.238906,0,0,0,0,59903,0,0,0,0,0,0,0,0,0,0,0,0,0,0,1,383,0,0,0,0,297,266,295,307,298,266,291,289,357,323,370,390,319,353,351,298,359,354,358,304,262,337,358,355,358,349,299,332,304,306,360,10,5,274,10,61,56.311
60115,180,115.781601,3284.361448,59704,0,0,0,0,0,0,0,0,0,0,0,0,0,0,3,0,0,0,1,407,0,0,0,0,292,272,312,296,311,290,263,291,301,327,374,338,297,327,333,355,356,374,314,311,278,288,338,340,399,379,300,286,349,322,361,60287,181,120.835133,115.238906,0,0,0,0,59903,0,0,0,0,0,0,0,0,0,0,0,0,0,0,1,383,0,0,0,0,297,266,295,307,298,266,291,289,357,323,370,390,319,353,351,298,359,354,358,304,262,337,358,355,358,349,299,332,304,306,360,10,5,278,15,221,52.059
60115,180,115.781601,3284.361448,59704,0,0,0,0,0,0,0,0,0,0,0,0,0,0,3,0,0,0,1,407,0,0,0,0,292,272,312,296,311,290,263,291,301,327,374,338,297,327,333,355,356,374,314,311,278,288,338,340,399,379,300,286,349,322,361,60287,181,120.835133,115.238906,0,0,0,0,59903,0,0,0,0,0,0,0,0,0,0,0,0,0,0,1,383,0,0,0,0,297,266,295,307,298,266,291,289,357,323,370,390,319,353,351,298,359,354,358,304,262,337,358,355,358,349,299,332,304,306,360,10,5,303,32,319,83.974
60115,180,115.781601,3284.361448,59704,0,0,0,0,0,0,0,0,0,0,0,0,0,0,3,0,0,0,1,407,0,0,0,0,292,272,312,296,311,290,263,291,301,327,374,338,297,327,333,355,356,374,314,311,278,288,338,340,399,379,300,286,349,322,361,60287,181,120.835133,115.238906,0,0,0,0,59903,0,0,0,0,0,0,0,0,0,0,0,0,0,0,1,383,0,0,0,0,297,266,295,307,298,266,291,289,357,323,370,390,319,353,351,298,359,354,358,304,262,337,358,355,358,349,299,332,304,306,360,10,5,304,62,663,191.687
60115,180,115.781601,3284.361448,59704,0,0,0,0,0,0,0,0,0,0,0,0,0,0,3,0,0,0,1,407,0,0,0,0,292,272,312,296,311,290,263,291,301,327,374,338,297,327,333,355,356,374,314,311,278,288,338,340,399,379,300,286,349,322,361,60287,181,120.835133,115.238906,0,0,0,0,59903,0,0,0,0,0,0,0,0,0,0,0,0,0,0,1,383,0,0,0,0,297,266,295,307,298,266,291,289,357,323,370,390,319,353,351,298,359,354,358,304,262,337,358,355,358,349,299,332,304,306,360,10,5,306,47,712,180.849
60115,180,115.781601,3284.361448,59704,0,0,0,0,0,0,0,0,0,0,0,0,0,0,3,0,0,0,1,407,0,0,0,0,292,272,312,296,311,290,263,291,301,327,374,338,297,327,333,355,356,374,314,311,278,288,338,340,399,379,300,286,349,322,361,60287,181,120.835133,115.238906,0,0,0,0,59903,0,0,0,0,0,0,0,0,0,0,0,0,0,0,1,383,0,0,0,0,297,266,295,307,298,266,291,289,357,323,370,390,319,353,351,298,359,354,358,304,262,337,358,355,358,349,299,332,304,306,360,10,5,307,88,310,384.385
60115,180,115.781601,3284.361448,59704,0,0,0,0,0,0,0,0,0,0,0,0,0,0,3,0,0,0,1,407,0,0,0,0,292,272,312,296,311,290,263,291,301,327,374,338,297,327,333,355,356,374,314,311,278,288,338,340,399,379,300,286,349,322,361,60287,181,120.835133,115.238906,0,0,0,0,59903,0,0,0,0,0,0,0,0,0,0,0,0,0,0,1,383,0,0,0,0,297,266,295,307,298,266,291,289,357,323,370,390,319,353,351,298,359,354,358,304,262,337,358,355,358,349,299,332,304,306,360,10,5,314,81,104,285.918
60115,180,115.781601,3284.361448,59704,0,0,0,0,0,0,0,0,0,0,0,0,0,0,3,0,0,0,1,407,0,0,0,0,292,272,312,296,311,290,263,291,301,327,374,338,297,327,333,355,356,374,314,311,278,288,338,340,399,379,300,286,349,322,361,60287,181,120.835133,115.238906,0,0,0,0,59903,0,0,0,0,0,0,0,0,0,0,0,0,0,0,1,383,0,0,0,0,297,266,295,307,298,266,291,289,357,323,370,390,319,353,351,298,359,354,358,304,262,337,358,355,358,349,299,332,304,306,360,10,5,319,19,60,95.497
60115,180,115.781601,3284.361448,59704,0,0,0,0,0,0,0,0,0,0,0,0,0,0,3,0,0,0,1,407,0,0,0,0,292,272,312,296,311,290,263,291,301,327,374,338,297,327,333,355,356,374,314,311,278,288,338,340,399,379,300,286,349,322,361,60287,181,120.835133,115.238906,0,0,0,0,59903,0,0,0,0,0,0,0,0,0,0,0,0,0,0,1,383,0,0,0,0,297,266,295,307,298,266,291,289,357,323,370,390,319,353,351,298,359,354,358,304,262,337,358,355,358,349,299,332,304,306,360,10,5,319,54,802,236.006
60115,180,115.781601,3284.361448,59704,0,0,0,0,0,0,0,0,0,0,0,0,0,0,3,0,0,0,1,407,0,0,0,0,292,272,312,296,311,290,263,291,301,327,374,338,297,327,333,355,356,374,314,311,278,288,338,340,399,379,300,286,349,322,361,60287,181,120.835133,115.238906,0,0,0,0,59903,0,0,0,0,0,0,0,0,0,0,0,0,0,0,1,383,0,0,0,0,297,266,295,307,298,266,291,289,357,323,370,390,319,353,351,298,359,354,358,304,262,337,358,355,358,349,299,332,304,306,360,10,5,331,7,841,65.122
60115,180,115.781601,3284.361448,59704,0,0,0,0,0,0,0,0,0,0,0,0,0,0,3,0,0,0,1,407,0,0,0,0,292,272,312,296,311,290,263,291,301,327,374,338,297,327,333,355,356,374,314,311,278,288,338,340,399,379,300,286,349,322,361,60287,181,120.835133,115.238906,0,0,0,0,59903,0,0,0,0,0,0,0,0,0,0,0,0,0,0,1,383,0,0,0,0,297,266,295,307,298,266,291,289,357,323,370,390,319,353,351,298,359,354,358,304,262,337,358,355,358,349,299,332,304,306,360,10,5,333,36,299,82.871
60115,180,115.781601,3284.361448,59704,0,0,0,0,0,0,0,0,0,0,0,0,0,0,3,0,0,0,1,407,0,0,0,0,292,272,312,296,311,290,263,291,301,327,374,338,297,327,333,355,356,374,314,311,278,288,338,340,399,379,300,286,349,322,361,60287,181,120.835133,115.238906,0,0,0,0,59903,0,0,0,0,0,0,0,0,0,0,0,0,0,0,1,383,0,0,0,0,297,266,295,307,298,266,291,289,357,323,370,390,319,353,351,298,359,354,358,304,262,337,358,355,358,349,299,332,304,306,360,10,5,338,16,832,104.896
60115,180,115.781601,3284.361448,59704,0,0,0,0,0,0,0,0,0,0,0,0,0,0,3,0,0,0,1,407,0,0,0,0,292,272,312,296,311,290,263,291,301,327,374,338,297,327,333,355,356,374,314,311,278,288,338,340,399,379,300,286,349,322,361,60287,181,120.835133,115.238906,0,0,0,0,59903,0,0,0,0,0,0,0,0,0,0,0,0,0,0,1,383,0,0,0,0,297,266,295,307,298,266,291,289,357,323,370,390,319,353,351,298,359,354,358,304,262,337,358,355,358,349,299,332,304,306,360,10,5,355,69,74,290.313
60115,180,115.781601,3284.361448,59704,0,0,0,0,0,0,0,0,0,0,0,0,0,0,3,0,0,0,1,407,0,0,0,0,292,272,312,296,311,290,263,291,301,327,374,338,297,327,333,355,356,374,314,311,278,288,338,340,399,379,300,286,349,322,361,60287,181,120.835133,115.238906,0,0,0,0,59903,0,0,0,0,0,0,0,0,0,0,0,0,0,0,1,383,0,0,0,0,297,266,295,307,298,266,291,289,357,323,370,390,319,353,351,298,359,354,358,304,262,337,358,355,358,349,299,332,304,306,360,10,5,365,45,944,158.169
60115,180,115.781601,3284.361448,59704,0,0,0,0,0,0,0,0,0,0,0,0,0,0,3,0,0,0,1,407,0,0,0,0,292,272,312,296,311,290,263,291,301,327,374,338,297,327,333,355,356,374,314,311,278,288,338,340,399,379,300,286,349,322,361,60287,181,120.835133,115.238906,0,0,0,0,59903,0,0,0,0,0,0,0,0,0,0,0,0,0,0,1,383,0,0,0,0,297,266,295,307,298,266,291,289,357,323,370,390,319,353,351,298,359,354,358,304,262,337,358,355,358,349,299,332,304,306,360,10,5,375,55,302,234.75
60115,180,115.781601,3284.361448,59704,0,0,0,0,0,0,0,0,0,0,0,0,0,0,3,0,0,0,1,407,0,0,0,0,292,272,312,296,311,290,263,291,301,327,374,338,297,327,333,355,356,374,314,311,278,288,338,340,399,379,300,286,349,322,361,60287,181,120.835133,115.238906,0,0,0,0,59903,0,0,0,0,0,0,0,0,0,0,0,0,0,0,1,383,0,0,0,0,297,266,295,307,298,266,291,289,357,323,370,390,319,353,351,298,359,354,358,304,262,337,358,355,358,349,299,332,304,306,360,10,5,388,79,130,306.264
60115,180,115.781601,3284.361448,59704,0,0,0,0,0,0,0,0,0,0,0,0,0,0,3,0,0,0,1,407,0,0,0,0,292,272,312,296,311,290,263,291,301,327,374,338,297,327,333,355,356,374,314,311,278,288,338,340,399,379,300,286,349,322,361,60287,181,120.835133,115.238906,0,0,0,0,59903,0,0,0,0,0,0,0,0,0,0,0,0,0,0,1,383,0,0,0,0,297,266,295,307,298,266,291,289,357,323,370,390,319,353,351,298,359,354,358,304,262,337,358,355,358,349,299,332,304,306,360,10,5,423,25,910,71.605
60115,180,115.781601,3284.361448,59704,0,0,0,0,0,0,0,0,0,0,0,0,0,0,3,0,0,0,1,407,0,0,0,0,292,272,312,296,311,290,263,291,301,327,374,338,297,327,333,355,356,374,314,311,278,288,338,340,399,379,300,286,349,322,361,60287,181,120.835133,115.238906,0,0,0,0,59903,0,0,0,0,0,0,0,0,0,0,0,0,0,0,1,383,0,0,0,0,297,266,295,307,298,266,291,289,357,323,370,390,319,353,351,298,359,354,358,304,262,337,358,355,358,349,299,332,304,306,360,10,5,425,52,600,197.074
60115,180,115.781601,3284.361448,59704,0,0,0,0,0,0,0,0,0,0,0,0,0,0,3,0,0,0,1,407,0,0,0,0,292,272,312,296,311,290,263,291,301,327,374,338,297,327,333,355,356,374,314,311,278,288,338,340,399,379,300,286,349,322,361,60287,181,120.835133,115.238906,0,0,0,0,59903,0,0,0,0,0,0,0,0,0,0,0,0,0,0,1,383,0,0,0,0,297,266,295,307,298,266,291,289,357,323,370,390,319,353,351,298,359,354,358,304,262,337,358,355,358,349,299,332,304,306,360,10,5,429,69,706,277.05
60115,180,115.781601,3284.361448,59704,0,0,0,0,0,0,0,0,0,0,0,0,0,0,3,0,0,0,1,407,0,0,0,0,292,272,312,296,311,290,263,291,301,327,374,338,297,327,333,355,356,374,314,311,278,288,338,340,399,379,300,286,349,322,361,60287,181,120.835133,115.238906,0,0,0,0,59903,0,0,0,0,0,0,0,0,0,0,0,0,0,0,1,383,0,0,0,0,297,266,295,307,298,266,291,289,357,323,370,390,319,353,351,298,359,354,358,304,262,337,358,355,358,349,299,332,304,306,360,10,5,445,65,578,298.802
60115,180,115.781601,3284.361448,59704,0,0,0,0,0,0,0,0,0,0,0,0,0,0,3,0,0,0,1,407,0,0,0,0,292,272,312,296,311,290,263,291,301,327,374,338,297,327,333,355,356,374,314,311,278,288,338,340,399,379,300,286,349,322,361,60287,181,120.835133,115.238906,0,0,0,0,59903,0,0,0,0,0,0,0,0,0,0,0,0,0,0,1,383,0,0,0,0,297,266,295,307,298,266,291,289,357,323,370,390,319,353,351,298,359,354,358,304,262,337,358,355,358,349,299,332,304,306,360,10,5,447,97,727,477.786
60115,180,115.781601,3284.361448,59704,0,0,0,0,0,0,0,0,0,0,0,0,0,0,3,0,0,0,1,407,0,0,0,0,292,272,312,296,311,290,263,291,301,327,374,338,297,327,333,355,356,374,314,311,278,288,338,340,399,379,300,286,349,322,361,60287,181,120.835133,115.238906,0,0,0,0,59903,0,0,0,0,0,0,0,0,0,0,0,0,0,0,1,383,0,0,0,0,297,266,295,307,298,266,291,289,357,323,370,390,319,353,351,298,359,354,358,304,262,337,358,355,358,349,299,332,304,306,360,10,5,472,37,430,96.772
60115,180,115.781601,3284.361448,59704,0,0,0,0,0,0,0,0,0,0,0,0,0,0,3,0,0,0,1,407,0,0,0,0,292,272,312,296,311,290,263,291,301,327,374,338,297,327,333,355,356,374,314,311,278,288,338,340,399,379,300,286,349,322,361,60287,181,120.835133,115.238906,0,0,0,0,59903,0,0,0,0,0,0,0,0,0,0,0,0,0,0,1,383,0,0,0,0,297,266,295,307,298,266,291,289,357,323,370,390,319,353,351,298,359,354,358,304,262,337,358,355,358,349,299,332,304,306,360,10,5,477,69,328,342.417
60115,180,115.781601,3284.361448,59704,0,0,0,0,0,0,0,0,0,0,0,0,0,0,3,0,0,0,1,407,0,0,0,0,292,272,312,296,311,290,263,291,301,327,374,338,297,327,333,355,356,374,314,311,278,288,338,340,399,379,300,286,349,322,361,60287,181,120.835133,115.238906,0,0,0,0,59903,0,0,0,0,0,0,0,0,0,0,0,0,0,0,1,383,0,0,0,0,297,266,295,307,298,266,291,289,357,323,370,390,319,353,351,298,359,354,358,304,262,337,358,355,358,349,299,332,304,306,360,10,5,481,75,350,684.126
60115,180,115.781601,3284.361448,59704,0,0,0,0,0,0,0,0,0,0,0,0,0,0,3,0,0,0,1,407,0,0,0,0,292,272,312,296,311,290,263,291,301,327,374,338,297,327,333,355,356,374,314,311,278,288,338,340,399,379,300,286,349,322,361,60287,181,120.835133,115.238906,0,0,0,0,59903,0,0,0,0,0,0,0,0,0,0,0,0,0,0,1,383,0,0,0,0,297,266,295,307,298,266,291,289,357,323,370,390,319,353,351,298,359,354,358,304,262,337,358,355,358,349,299,332,304,306,360,10,5,490,48,716,186.906
60115,180,115.781601,3284.361448,59704,0,0,0,0,0,0,0,0,0,0,0,0,0,0,3,0,0,0,1,407,0,0,0,0,292,272,312,296,311,290,263,291,301,327,374,338,297,327,333,355,356,374,314,311,278,288,338,340,399,379,300,286,349,322,361,60287,181,120.835133,115.238906,0,0,0,0,59903,0,0,0,0,0,0,0,0,0,0,0,0,0,0,1,383,0,0,0,0,297,266,295,307,298,266,291,289,357,323,370,390,319,353,351,298,359,354,358,304,262,337,358,355,358,349,299,332,304,306,360,10,5,493,35,235,98.381
60115,180,115.781601,3284.361448,59704,0,0,0,0,0,0,0,0,0,0,0,0,0,0,3,0,0,0,1,407,0,0,0,0,292,272,312,296,311,290,263,291,301,327,374,338,297,327,333,355,356,374,314,311,278,288,338,340,399,379,300,286,349,322,361,60287,181,120.835133,115.238906,0,0,0,0,59903,0,0,0,0,0,0,0,0,0,0,0,0,0,0,1,383,0,0,0,0,297,266,295,307,298,266,291,289,357,323,370,390,319,353,351,298,359,354,358,304,262,337,358,355,358,349,299,332,304,306,360,10,5,496,14,360,76.367
60115,180,115.781601,3284.361448,59704,0,0,0,0,0,0,0,0,0,0,0,0,0,0,3,0,0,0,1,407,0,0,0,0,292,272,312,296,311,290,263,291,301,327,374,338,297,327,333,355,356,374,314,311,278,288,338,340,399,379,300,286,349,322,361,60287,181,120.835133,115.238906,0,0,0,0,59903,0,0,0,0,0,0,0,0,0,0,0,0,0,0,1,383,0,0,0,0,297,266,295,307,298,266,291,289,357,323,370,390,319,353,351,298,359,354,358,304,262,337,358,355,358,349,299,332,304,306,360,10,5,502,63,45,258.809
60115,180,115.781601,3284.361448,59704,0,0,0,0,0,0,0,0,0,0,0,0,0,0,3,0,0,0,1,407,0,0,0,0,292,272,312,296,311,290,263,291,301,327,374,338,297,327,333,355,356,374,314,311,278,288,338,340,399,379,300,286,349,322,361,60287,181,120.835133,115.238906,0,0,0,0,59903,0,0,0,0,0,0,0,0,0,0,0,0,0,0,1,383,0,0,0,0,297,266,295,307,298,266,291,289,357,323,370,390,319,353,351,298,359,354,358,304,262,337,358,355,358,349,299,332,304,306,360,10,5,532,71,370,339.424
60115,180,115.781601,3284.361448,59704,0,0,0,0,0,0,0,0,0,0,0,0,0,0,3,0,0,0,1,407,0,0,0,0,292,272,312,296,311,290,263,291,301,327,374,338,297,327,333,355,356,374,314,311,278,288,338,340,399,379,300,286,349,322,361,60287,181,120.835133,115.238906,0,0,0,0,59903,0,0,0,0,0,0,0,0,0,0,0,0,0,0,1,383,0,0,0,0,297,266,295,307,298,266,291,289,357,323,370,390,319,353,351,298,359,354,358,304,262,337,358,355,358,349,299,332,304,306,360,10,5,545,10,729,55.638
60115,180,115.781601,3284.361448,59704,0,0,0,0,0,0,0,0,0,0,0,0,0,0,3,0,0,0,1,407,0,0,0,0,292,272,312,296,311,290,263,291,301,327,374,338,297,327,333,355,356,374,314,311,278,288,338,340,399,379,300,286,349,322,361,60287,181,120.835133,115.238906,0,0,0,0,59903,0,0,0,0,0,0,0,0,0,0,0,0,0,0,1,383,0,0,0,0,297,266,295,307,298,266,291,289,357,323,370,390,319,353,351,298,359,354,358,304,262,337,358,355,358,349,299,332,304,306,360,10,5,548,38,458,135.057
60115,180,115.781601,3284.361448,59704,0,0,0,0,0,0,0,0,0,0,0,0,0,0,3,0,0,0,1,407,0,0,0,0,292,272,312,296,311,290,263,291,301,327,374,338,297,327,333,355,356,374,314,311,278,288,338,340,399,379,300,286,349,322,361,60287,181,120.835133,115.238906,0,0,0,0,59903,0,0,0,0,0,0,0,0,0,0,0,0,0,0,1,383,0,0,0,0,297,266,295,307,298,266,291,289,357,323,370,390,319,353,351,298,359,354,358,304,262,337,358,355,358,349,299,332,304,306,360,10,5,552,59,985,266.303
60115,180,115.781601,3284.361448,59704,0,0,0,0,0,0,0,0,0,0,0,0,0,0,3,0,0,0,1,407,0,0,0,0,292,272,312,296,311,290,263,291,301,327,374,338,297,327,333,355,356,374,314,311,278,288,338,340,399,379,300,286,349,322,361,60287,181,120.835133,115.238906,0,0,0,0,59903,0,0,0,0,0,0,0,0,0,0,0,0,0,0,1,383,0,0,0,0,297,266,295,307,298,266,291,289,357,323,370,390,319,353,351,298,359,354,358,304,262,337,358,355,358,349,299,332,304,306,360,10,5,554,39,787,146.955
60115,180,115.781601,3284.361448,59704,0,0,0,0,0,0,0,0,0,0,0,0,0,0,3,0,0,0,1,407,0,0,0,0,292,272,312,296,311,290,263,291,301,327,374,338,297,327,333,355,356,374,314,311,278,288,338,340,399,379,300,286,349,322,361,60287,181,120.835133,115.238906,0,0,0,0,59903,0,0,0,0,0,0,0,0,0,0,0,0,0,0,1,383,0,0,0,0,297,266,295,307,298,266,291,289,357,323,370,390,319,353,351,298,359,354,358,304,262,337,358,355,358,349,299,332,304,306,360,10,5,571,20,616,90.743
60115,180,115.781601,3284.361448,59704,0,0,0,0,0,0,0,0,0,0,0,0,0,0,3,0,0,0,1,407,0,0,0,0,292,272,312,296,311,290,263,291,301,327,374,338,297,327,333,355,356,374,314,311,278,288,338,340,399,379,300,286,349,322,361,60287,181,120.835133,115.238906,0,0,0,0,59903,0,0,0,0,0,0,0,0,0,0,0,0,0,0,1,383,0,0,0,0,297,266,295,307,298,266,291,289,357,323,370,390,319,353,351,298,359,354,358,304,262,337,358,355,358,349,299,332,304,306,360,10,5,583,48,740,201.022
60115,180,115.781601,3284.361448,59704,0,0,0,0,0,0,0,0,0,0,0,0,0,0,3,0,0,0,1,407,0,0,0,0,292,272,312,296,311,290,263,291,301,327,374,338,297,327,333,355,356,374,314,311,278,288,338,340,399,379,300,286,349,322,361,60287,181,120.835133,115.238906,0,0,0,0,59903,0,0,0,0,0,0,0,0,0,0,0,0,0,0,1,383,0,0,0,0,297,266,295,307,298,266,291,289,357,323,370,390,319,353,351,298,359,354,358,304,262,337,358,355,358,349,299,332,304,306,360,10,5,594,29,674,81.061
60115,180,115.781601,3284.361448,59704,0,0,0,0,0,0,0,0,0,0,0,0,0,0,3,0,0,0,1,407,0,0,0,0,292,272,312,296,311,290,263,291,301,327,374,338,297,327,333,355,356,374,314,311,278,288,338,340,399,379,300,286,349,322,361,60287,181,120.835133,115.238906,0,0,0,0,59903,0,0,0,0,0,0,0,0,0,0,0,0,0,0,1,383,0,0,0,0,297,266,295,307,298,266,291,289,357,323,370,390,319,353,351,298,359,354,358,304,262,337,358,355,358,349,299,332,304,306,360,10,5,600,63,921,284.319
60115,180,115.781601,3284.361448,59704,0,0,0,0,0,0,0,0,0,0,0,0,0,0,3,0,0,0,1,407,0,0,0,0,292,272,312,296,311,290,263,291,301,327,374,338,297,327,333,355,356,374,314,311,278,288,338,340,399,379,300,286,349,322,361,60287,181,120.835133,115.238906,0,0,0,0,59903,0,0,0,0,0,0,0,0,0,0,0,0,0,0,1,383,0,0,0,0,297,266,295,307,298,266,291,289,357,323,370,390,319,353,351,298,359,354,358,304,262,337,358,355,358,349,299,332,304,306,360,10,5,608,48,372,249.685
60115,180,115.781601,3284.361448,59704,0,0,0,0,0,0,0,0,0,0,0,0,0,0,3,0,0,0,1,407,0,0,0,0,292,272,312,296,311,290,263,291,301,327,374,338,297,327,333,355,356,374,314,311,278,288,338,340,399,379,300,286,349,322,361,60287,181,120.835133,115.238906,0,0,0,0,59903,0,0,0,0,0,0,0,0,0,0,0,0,0,0,1,383,0,0,0,0,297,266,295,307,298,266,291,289,357,323,370,390,319,353,351,298,359,354,358,304,262,337,358,355,358,349,299,332,304,306,360,10,5,620,86,316,562.522
60115,180,115.781601,3284.361448,59704,0,0,0,0,0,0,0,0,0,0,0,0,0,0,3,0,0,0,1,407,0,0,0,0,292,272,312,296,311,290,263,291,301,327,374,338,297,327,333,355,356,374,314,311,278,288,338,340,399,379,300,286,349,322,361,60287,181,120.835133,115.238906,0,0,0,0,59903,0,0,0,0,0,0,0,0,0,0,0,0,0,0,1,383,0,0,0,0,297,266,295,307,298,266,291,289,357,323,370,390,319,353,351,298,359,354,358,304,262,337,358,355,358,349,299,332,304,306,360,10,5,624,10,834,81.608
60115,180,115.781601,3284.361448,59704,0,0,0,0,0,0,0,0,0,0,0,0,0,0,3,0,0,0,1,407,0,0,0,0,292,272,312,296,311,290,263,291,301,327,374,338,297,327,333,355,356,374,314,311,278,288,338,340,399,379,300,286,349,322,361,60287,181,120.835133,115.238906,0,0,0,0,59903,0,0,0,0,0,0,0,0,0,0,0,0,0,0,1,383,0,0,0,0,297,266,295,307,298,266,291,289,357,323,370,390,319,353,351,298,359,354,358,304,262,337,358,355,358,349,299,332,304,306,360,10,5,634,58,724,325.713
60115,180,115.781601,3284.361448,59704,0,0,0,0,0,0,0,0,0,0,0,0,0,0,3,0,0,0,1,407,0,0,0,0,292,272,312,296,311,290,263,291,301,327,374,338,297,327,333,355,356,374,314,311,278,288,338,340,399,379,300,286,349,322,361,60287,181,120.835133,115.238906,0,0,0,0,59903,0,0,0,0,0,0,0,0,0,0,0,0,0,0,1,383,0,0,0,0,297,266,295,307,298,266,291,289,357,323,370,390,319,353,351,298,359,354,358,304,262,337,358,355,358,349,299,332,304,306,360,10,5,655,48,850,213.952
60115,180,115.781601,3284.361448,59704,0,0,0,0,0,0,0,0,0,0,0,0,0,0,3,0,0,0,1,407,0,0,0,0,292,272,312,296,311,290,263,291,301,327,374,338,297,327,333,355,356,374,314,311,278,288,338,340,399,379,300,286,349,322,361,60287,181,120.835133,115.238906,0,0,0,0,59903,0,0,0,0,0,0,0,0,0,0,0,0,0,0,1,383,0,0,0,0,297,266,295,307,298,266,291,289,357,323,370,390,319,353,351,298,359,354,358,304,262,337,358,355,358,349,299,332,304,306,360,10,5,669,28,599,134.951
60115,180,115.781601,3284.361448,59704,0,0,0,0,0,0,0,0,0,0,0,0,0,0,3,0,0,0,1,407,0,0,0,0,292,272,312,296,311,290,263,291,301,327,374,338,297,327,333,355,356,374,314,311,278,288,338,340,399,379,300,286,349,322,361,60287,181,120.835133,115.238906,0,0,0,0,59903,0,0,0,0,0,0,0,0,0,0,0,0,0,0,1,383,0,0,0,0,297,266,295,307,298,266,291,289,357,323,370,390,319,353,351,298,359,354,358,304,262,337,358,355,358,349,299,332,304,306,360,10,5,673,100,454,826.376
60115,180,115.781601,3284.361448,59704,0,0,0,0,0,0,0,0,0,0,0,0,0,0,3,0,0,0,1,407,0,0,0,0,292,272,312,296,311,290,263,291,301,327,374,338,297,327,333,355,356,374,314,311,278,288,338,340,399,379,300,286,349,322,361,60287,181,120.835133,115.238906,0,0,0,0,59903,0,0,0,0,0,0,0,0,0,0,0,0,0,0,1,383,0,0,0,0,297,266,295,307,298,266,291,289,357,323,370,390,319,353,351,298,359,354,358,304,262,337,358,355,358,349,299,332,304,306,360,10,5,676,31,196,108.201
60115,180,115.781601,3284.361448,59704,0,0,0,0,0,0,0,0,0,0,0,0,0,0,3,0,0,0,1,407,0,0,0,0,292,272,312,296,311,290,263,291,301,327,374,338,297,327,333,355,356,374,314,311,278,288,338,340,399,379,300,286,349,322,361,60287,181,120.835133,115.238906,0,0,0,0,59903,0,0,0,0,0,0,0,0,0,0,0,0,0,0,1,383,0,0,0,0,297,266,295,307,298,266,291,289,357,323,370,390,319,353,351,298,359,354,358,304,262,337,358,355,358,349,299,332,304,306,360,10,5,687,27,976,87.923
60115,180,115.781601,3284.361448,59704,0,0,0,0,0,0,0,0,0,0,0,0,0,0,3,0,0,0,1,407,0,0,0,0,292,272,312,296,311,290,263,291,301,327,374,338,297,327,333,355,356,374,314,311,278,288,338,340,399,379,300,286,349,322,361,60287,181,120.835133,115.238906,0,0,0,0,59903,0,0,0,0,0,0,0,0,0,0,0,0,0,0,1,383,0,0,0,0,297,266,295,307,298,266,291,289,357,323,370,390,319,353,351,298,359,354,358,304,262,337,358,355,358,349,299,332,304,306,360,10,5,687,42,313,222.079
60115,180,115.781601,3284.361448,59704,0,0,0,0,0,0,0,0,0,0,0,0,0,0,3,0,0,0,1,407,0,0,0,0,292,272,312,296,311,290,263,291,301,327,374,338,297,327,333,355,356,374,314,311,278,288,338,340,399,379,300,286,349,322,361,60287,181,120.835133,115.238906,0,0,0,0,59903,0,0,0,0,0,0,0,0,0,0,0,0,0,0,1,383,0,0,0,0,297,266,295,307,298,266,291,289,357,323,370,390,319,353,351,298,359,354,358,304,262,337,358,355,358,349,299,332,304,306,360,10,5,688,29,572,123.541
60115,180,115.781601,3284.361448,59704,0,0,0,0,0,0,0,0,0,0,0,0,0,0,3,0,0,0,1,407,0,0,0,0,292,272,312,296,311,290,263,291,301,327,374,338,297,327,333,355,356,374,314,311,278,288,338,340,399,379,300,286,349,322,361,60287,181,120.835133,115.238906,0,0,0,0,59903,0,0,0,0,0,0,0,0,0,0,0,0,0,0,1,383,0,0,0,0,297,266,295,307,298,266,291,289,357,323,370,390,319,353,351,298,359,354,358,304,262,337,358,355,358,349,299,332,304,306,360,10,5,695,85,348,476.018
60115,180,115.781601,3284.361448,59704,0,0,0,0,0,0,0,0,0,0,0,0,0,0,3,0,0,0,1,407,0,0,0,0,292,272,312,296,311,290,263,291,301,327,374,338,297,327,333,355,356,374,314,311,278,288,338,340,399,379,300,286,349,322,361,60287,181,120.835133,115.238906,0,0,0,0,59903,0,0,0,0,0,0,0,0,0,0,0,0,0,0,1,383,0,0,0,0,297,266,295,307,298,266,291,289,357,323,370,390,319,353,351,298,359,354,358,304,262,337,358,355,358,349,299,332,304,306,360,10,5,703,64,992,309.93
60115,180,115.781601,3284.361448,59704,0,0,0,0,0,0,0,0,0,0,0,0,0,0,3,0,0,0,1,407,0,0,0,0,292,272,312,296,311,290,263,291,301,327,374,338,297,327,333,355,356,374,314,311,278,288,338,340,399,379,300,286,349,322,361,60287,181,120.835133,115.238906,0,0,0,0,59903,0,0,0,0,0,0,0,0,0,0,0,0,0,0,1,383,0,0,0,0,297,266,295,307,298,266,291,289,357,323,370,390,319,353,351,298,359,354,358,304,262,337,358,355,358,349,299,332,304,306,360,10,5,705,22,314,81.27
60115,180,115.781601,3284.361448,59704,0,0,0,0,0,0,0,0,0,0,0,0,0,0,3,0,0,0,1,407,0,0,0,0,292,272,312,296,311,290,263,291,301,327,374,338,297,327,333,355,356,374,314,311,278,288,338,340,399,379,300,286,349,322,361,60287,181,120.835133,115.238906,0,0,0,0,59903,0,0,0,0,0,0,0,0,0,0,0,0,0,0,1,383,0,0,0,0,297,266,295,307,298,266,291,289,357,323,370,390,319,353,351,298,359,354,358,304,262,337,358,355,358,349,299,332,304,306,360,10,5,712,23,759,101.131
60115,180,115.781601,3284.361448,59704,0,0,0,0,0,0,0,0,0,0,0,0,0,0,3,0,0,0,1,407,0,0,0,0,292,272,312,296,311,290,263,291,301,327,374,338,297,327,333,355,356,374,314,311,278,288,338,340,399,379,300,286,349,322,361,60287,181,120.835133,115.238906,0,0,0,0,59903,0,0,0,0,0,0,0,0,0,0,0,0,0,0,1,383,0,0,0,0,297,266,295,307,298,266,291,289,357,323,370,390,319,353,351,298,359,354,358,304,262,337,358,355,358,349,299,332,304,306,360,10,5,720,80,253,487.333
60115,180,115.781601,3284.361448,59704,0,0,0,0,0,0,0,0,0,0,0,0,0,0,3,0,0,0,1,407,0,0,0,0,292,272,312,296,311,290,263,291,301,327,374,338,297,327,333,355,356,374,314,311,278,288,338,340,399,379,300,286,349,322,361,60287,181,120.835133,115.238906,0,0,0,0,59903,0,0,0,0,0,0,0,0,0,0,0,0,0,0,1,383,0,0,0,0,297,266,295,307,298,266,291,289,357,323,370,390,319,353,351,298,359,354,358,304,262,337,358,355,358,349,299,332,304,306,360,10,5,726,37,405,154.382
60115,180,115.781601,3284.361448,59704,0,0,0,0,0,0,0,0,0,0,0,0,0,0,3,0,0,0,1,407,0,0,0,0,292,272,312,296,311,290,263,291,301,327,374,338,297,327,333,355,356,374,314,311,278,288,338,340,399,379,300,286,349,322,361,60287,181,120.835133,115.238906,0,0,0,0,59903,0,0,0,0,0,0,0,0,0,0,0,0,0,0,1,383,0,0,0,0,297,266,295,307,298,266,291,289,357,323,370,390,319,353,351,298,359,354,358,304,262,337,358,355,358,349,299,332,304,306,360,10,5,760,14,466,120.801
60115,180,115.781601,3284.361448,59704,0,0,0,0,0,0,0,0,0,0,0,0,0,0,3,0,0,0,1,407,0,0,0,0,292,272,312,296,311,290,263,291,301,327,374,338,297,327,333,355,356,374,314,311,278,288,338,340,399,379,300,286,349,322,361,60287,181,120.835133,115.238906,0,0,0,0,59903,0,0,0,0,0,0,0,0,0,0,0,0,0,0,1,383,0,0,0,0,297,266,295,307,298,266,291,289,357,323,370,390,319,353,351,298,359,354,358,304,262,337,358,355,358,349,299,332,304,306,360,10,5,774,54,970,330.69
60115,180,115.781601,3284.361448,59704,0,0,0,0,0,0,0,0,0,0,0,0,0,0,3,0,0,0,1,407,0,0,0,0,292,272,312,296,311,290,263,291,301,327,374,338,297,327,333,355,356,374,314,311,278,288,338,340,399,379,300,286,349,322,361,60287,181,120.835133,115.238906,0,0,0,0,59903,0,0,0,0,0,0,0,0,0,0,0,0,0,0,1,383,0,0,0,0,297,266,295,307,298,266,291,289,357,323,370,390,319,353,351,298,359,354,358,304,262,337,358,355,358,349,299,332,304,306,360,10,5,775,45,263,264.074
60115,180,115.781601,3284.361448,59704,0,0,0,0,0,0,0,0,0,0,0,0,0,0,3,0,0,0,1,407,0,0,0,0,292,272,312,296,311,290,263,291,301,327,374,338,297,327,333,355,356,374,314,311,278,288,338,340,399,379,300,286,349,322,361,60287,181,120.835133,115.238906,0,0,0,0,59903,0,0,0,0,0,0,0,0,0,0,0,0,0,0,1,383,0,0,0,0,297,266,295,307,298,266,291,289,357,323,370,390,319,353,351,298,359,354,358,304,262,337,358,355,358,349,299,332,304,306,360,10,5,779,93,140,654.409
60115,180,115.781601,3284.361448,59704,0,0,0,0,0,0,0,0,0,0,0,0,0,0,3,0,0,0,1,407,0,0,0,0,292,272,312,296,311,290,263,291,301,327,374,338,297,327,333,355,356,374,314,311,278,288,338,340,399,379,300,286,349,322,361,60287,181,120.835133,115.238906,0,0,0,0,59903,0,0,0,0,0,0,0,0,0,0,0,0,0,0,1,383,0,0,0,0,297,266,295,307,298,266,291,289,357,323,370,390,319,353,351,298,359,354,358,304,262,337,358,355,358,349,299,332,304,306,360,10,5,805,6,242,72.859
60115,180,115.781601,3284.361448,59704,0,0,0,0,0,0,0,0,0,0,0,0,0,0,3,0,0,0,1,407,0,0,0,0,292,272,312,296,311,290,263,291,301,327,374,338,297,327,333,355,356,374,314,311,278,288,338,340,399,379,300,286,349,322,361,60287,181,120.835133,115.238906,0,0,0,0,59903,0,0,0,0,0,0,0,0,0,0,0,0,0,0,1,383,0,0,0,0,297,266,295,307,298,266,291,289,357,323,370,390,319,353,351,298,359,354,358,304,262,337,358,355,358,349,299,332,304,306,360,10,5,813,24,780,109.409
60115,180,115.781601,3284.361448,59704,0,0,0,0,0,0,0,0,0,0,0,0,0,0,3,0,0,0,1,407,0,0,0,0,292,272,312,296,311,290,263,291,301,327,374,338,297,327,333,355,356,374,314,311,278,288,338,340,399,379,300,286,349,322,361,60287,181,120.835133,115.238906,0,0,0,0,59903,0,0,0,0,0,0,0,0,0,0,0,0,0,0,1,383,0,0,0,0,297,266,295,307,298,266,291,289,357,323,370,390,319,353,351,298,359,354,358,304,262,337,358,355,358,349,299,332,304,306,360,10,5,823,62,389,336.801
60115,180,115.781601,3284.361448,59704,0,0,0,0,0,0,0,0,0,0,0,0,0,0,3,0,0,0,1,407,0,0,0,0,292,272,312,296,311,290,263,291,301,327,374,338,297,327,333,355,356,374,314,311,278,288,338,340,399,379,300,286,349,322,361,60287,181,120.835133,115.238906,0,0,0,0,59903,0,0,0,0,0,0,0,0,0,0,0,0,0,0,1,383,0,0,0,0,297,266,295,307,298,266,291,289,357,323,370,390,319,353,351,298,359,354,358,304,262,337,358,355,358,349,299,332,304,306,360,10,5,832,59,40,309.508
60115,180,115.781601,3284.361448,59704,0,0,0,0,0,0,0,0,0,0,0,0,0,0,3,0,0,0,1,407,0,0,0,0,292,272,312,296,311,290,263,291,301,327,374,338,297,327,333,355,356,374,314,311,278,288,338,340,399,379,300,286,349,322,361,60287,181,120.835133,115.238906,0,0,0,0,59903,0,0,0,0,0,0,0,0,0,0,0,0,0,0,1,383,0,0,0,0,297,266,295,307,298,266,291,289,357,323,370,390,319,353,351,298,359,354,358,304,262,337,358,355,358,349,299,332,304,306,360,10,5,834,26,479,142.194
60115,180,115.781601,3284.361448,59704,0,0,0,0,0,0,0,0,0,0,0,0,0,0,3,0,0,0,1,407,0,0,0,0,292,272,312,296,311,290,263,291,301,327,374,338,297,327,333,355,356,374,314,311,278,288,338,340,399,379,300,286,349,322,361,60287,181,120.835133,115.238906,0,0,0,0,59903,0,0,0,0,0,0,0,0,0,0,0,0,0,0,1,383,0,0,0,0,297,266,295,307,298,266,291,289,357,323,370,390,319,353,351,298,359,354,358,304,262,337,358,355,358,349,299,332,304,306,360,10,5,837,25,789,110.314
60115,180,115.781601,3284.361448,59704,0,0,0,0,0,0,0,0,0,0,0,0,0,0,3,0,0,0,1,407,0,0,0,0,292,272,312,296,311,290,263,291,301,327,374,338,297,327,333,355,356,374,314,311,278,288,338,340,399,379,300,286,349,322,361,60287,181,120.835133,115.238906,0,0,0,0,59903,0,0,0,0,0,0,0,0,0,0,0,0,0,0,1,383,0,0,0,0,297,266,295,307,298,266,291,289,357,323,370,390,319,353,351,298,359,354,358,304,262,337,358,355,358,349,299,332,304,306,360,10,5,838,31,543,102.729
60115,180,115.781601,3284.361448,59704,0,0,0,0,0,0,0,0,0,0,0,0,0,0,3,0,0,0,1,407,0,0,0,0,292,272,312,296,311,290,263,291,301,327,374,338,297,327,333,355,356,374,314,311,278,288,338,340,399,379,300,286,349,322,361,60287,181,120.835133,115.238906,0,0,0,0,59903,0,0,0,0,0,0,0,0,0,0,0,0,0,0,1,383,0,0,0,0,297,266,295,307,298,266,291,289,357,323,370,390,319,353,351,298,359,354,358,304,262,337,358,355,358,349,299,332,304,306,360,10,5,852,54,944,401.493
60115,180,115.781601,3284.361448,59704,0,0,0,0,0,0,0,0,0,0,0,0,0,0,3,0,0,0,1,407,0,0,0,0,292,272,312,296,311,290,263,291,301,327,374,338,297,327,333,355,356,374,314,311,278,288,338,340,399,379,300,286,349,322,361,60287,181,120.835133,115.238906,0,0,0,0,59903,0,0,0,0,0,0,0,0,0,0,0,0,0,0,1,383,0,0,0,0,297,266,295,307,298,266,291,289,357,323,370,390,319,353,351,298,359,354,358,304,262,337,358,355,358,349,299,332,304,306,360,10,5,864,55,875,278.129
60115,180,115.781601,3284.361448,59704,0,0,0,0,0,0,0,0,0,0,0,0,0,0,3,0,0,0,1,407,0,0,0,0,292,272,312,296,311,290,263,291,301,327,374,338,297,327,333,355,356,374,314,311,278,288,338,340,399,379,300,286,349,322,361,60287,181,120.835133,115.238906,0,0,0,0,59903,0,0,0,0,0,0,0,0,0,0,0,0,0,0,1,383,0,0,0,0,297,266,295,307,298,266,291,289,357,323,370,390,319,353,351,298,359,354,358,304,262,337,358,355,358,349,299,332,304,306,360,10,5,867,56,103,312.762
60115,180,115.781601,3284.361448,59704,0,0,0,0,0,0,0,0,0,0,0,0,0,0,3,0,0,0,1,407,0,0,0,0,292,272,312,296,311,290,263,291,301,327,374,338,297,327,333,355,356,374,314,311,278,288,338,340,399,379,300,286,349,322,361,60287,181,120.835133,115.238906,0,0,0,0,59903,0,0,0,0,0,0,0,0,0,0,0,0,0,0,1,383,0,0,0,0,297,266,295,307,298,266,291,289,357,323,370,390,319,353,351,298,359,354,358,304,262,337,358,355,358,349,299,332,304,306,360,10,5,868,50,767,280.019
60115,180,115.781601,3284.361448,59704,0,0,0,0,0,0,0,0,0,0,0,0,0,0,3,0,0,0,1,407,0,0,0,0,292,272,312,296,311,290,263,291,301,327,374,338,297,327,333,355,356,374,314,311,278,288,338,340,399,379,300,286,349,322,361,60287,181,120.835133,115.238906,0,0,0,0,59903,0,0,0,0,0,0,0,0,0,0,0,0,0,0,1,383,0,0,0,0,297,266,295,307,298,266,291,289,357,323,370,390,319,353,351,298,359,354,358,304,262,337,358,355,358,349,299,332,304,306,360,10,5,877,10,349,110.622
60115,180,115.781601,3284.361448,59704,0,0,0,0,0,0,0,0,0,0,0,0,0,0,3,0,0,0,1,407,0,0,0,0,292,272,312,296,311,290,263,291,301,327,374,338,297,327,333,355,356,374,314,311,278,288,338,340,399,379,300,286,349,322,361,60287,181,120.835133,115.238906,0,0,0,0,59903,0,0,0,0,0,0,0,0,0,0,0,0,0,0,1,383,0,0,0,0,297,266,295,307,298,266,291,289,357,323,370,390,319,353,351,298,359,354,358,304,262,337,358,355,358,349,299,332,304,306,360,10,5,878,78,182,500.607
60115,180,115.781601,3284.361448,59704,0,0,0,0,0,0,0,0,0,0,0,0,0,0,3,0,0,0,1,407,0,0,0,0,292,272,312,296,311,290,263,291,301,327,374,338,297,327,333,355,356,374,314,311,278,288,338,340,399,379,300,286,349,322,361,60287,181,120.835133,115.238906,0,0,0,0,59903,0,0,0,0,0,0,0,0,0,0,0,0,0,0,1,383,0,0,0,0,297,266,295,307,298,266,291,289,357,323,370,390,319,353,351,298,359,354,358,304,262,337,358,355,358,349,299,332,304,306,360,10,5,892,23,274,140.337
60115,180,115.781601,3284.361448,59704,0,0,0,0,0,0,0,0,0,0,0,0,0,0,3,0,0,0,1,407,0,0,0,0,292,272,312,296,311,290,263,291,301,327,374,338,297,327,333,355,356,374,314,311,278,288,338,340,399,379,300,286,349,322,361,60287,181,120.835133,115.238906,0,0,0,0,59903,0,0,0,0,0,0,0,0,0,0,0,0,0,0,1,383,0,0,0,0,297,266,295,307,298,266,291,289,357,323,370,390,319,353,351,298,359,354,358,304,262,337,358,355,358,349,299,332,304,306,360,10,5,892,39,177,180.164
60115,180,115.781601,3284.361448,59704,0,0,0,0,0,0,0,0,0,0,0,0,0,0,3,0,0,0,1,407,0,0,0,0,292,272,312,296,311,290,263,291,301,327,374,338,297,327,333,355,356,374,314,311,278,288,338,340,399,379,300,286,349,322,361,60287,181,120.835133,115.238906,0,0,0,0,59903,0,0,0,0,0,0,0,0,0,0,0,0,0,0,1,383,0,0,0,0,297,266,295,307,298,266,291,289,357,323,370,390,319,353,351,298,359,354,358,304,262,337,358,355,358,349,299,332,304,306,360,10,5,896,6,803,80.116
60115,180,115.781601,3284.361448,59704,0,0,0,0,0,0,0,0,0,0,0,0,0,0,3,0,0,0,1,407,0,0,0,0,292,272,312,296,311,290,263,291,301,327,374,338,297,327,333,355,356,374,314,311,278,288,338,340,399,379,300,286,349,322,361,60287,181,120.835133,115.238906,0,0,0,0,59903,0,0,0,0,0,0,0,0,0,0,0,0,0,0,1,383,0,0,0,0,297,266,295,307,298,266,291,289,357,323,370,390,319,353,351,298,359,354,358,304,262,337,358,355,358,349,299,332,304,306,360,10,5,910,47,220,295.533
60115,180,115.781601,3284.361448,59704,0,0,0,0,0,0,0,0,0,0,0,0,0,0,3,0,0,0,1,407,0,0,0,0,292,272,312,296,311,290,263,291,301,327,374,338,297,327,333,355,356,374,314,311,278,288,338,340,399,379,300,286,349,322,361,60287,181,120.835133,115.238906,0,0,0,0,59903,0,0,0,0,0,0,0,0,0,0,0,0,0,0,1,383,0,0,0,0,297,266,295,307,298,266,291,289,357,323,370,390,319,353,351,298,359,354,358,304,262,337,358,355,358,349,299,332,304,306,360,10,5,915,39,914,185.206
60115,180,115.781601,3284.361448,59704,0,0,0,0,0,0,0,0,0,0,0,0,0,0,3,0,0,0,1,407,0,0,0,0,292,272,312,296,311,290,263,291,301,327,374,338,297,327,333,355,356,374,314,311,278,288,338,340,399,379,300,286,349,322,361,60287,181,120.835133,115.238906,0,0,0,0,59903,0,0,0,0,0,0,0,0,0,0,0,0,0,0,1,383,0,0,0,0,297,266,295,307,298,266,291,289,357,323,370,390,319,353,351,298,359,354,358,304,262,337,358,355,358,349,299,332,304,306,360,10,5,924,8,135,89.605
60115,180,115.781601,3284.361448,59704,0,0,0,0,0,0,0,0,0,0,0,0,0,0,3,0,0,0,1,407,0,0,0,0,292,272,312,296,311,290,263,291,301,327,374,338,297,327,333,355,356,374,314,311,278,288,338,340,399,379,300,286,349,322,361,60287,181,120.835133,115.238906,0,0,0,0,59903,0,0,0,0,0,0,0,0,0,0,0,0,0,0,1,383,0,0,0,0,297,266,295,307,298,266,291,289,357,323,370,390,319,353,351,298,359,354,358,304,262,337,358,355,358,349,299,332,304,306,360,10,5,936,28,310,151.41
60115,180,115.781601,3284.361448,59704,0,0,0,0,0,0,0,0,0,0,0,0,0,0,3,0,0,0,1,407,0,0,0,0,292,272,312,296,311,290,263,291,301,327,374,338,297,327,333,355,356,374,314,311,278,288,338,340,399,379,300,286,349,322,361,60287,181,120.835133,115.238906,0,0,0,0,59903,0,0,0,0,0,0,0,0,0,0,0,0,0,0,1,383,0,0,0,0,297,266,295,307,298,266,291,289,357,323,370,390,319,353,351,298,359,354,358,304,262,337,358,355,358,349,299,332,304,306,360,10,5,953,23,804,148.051
60115,180,115.781601,3284.361448,59704,0,0,0,0,0,0,0,0,0,0,0,0,0,0,3,0,0,0,1,407,0,0,0,0,292,272,312,296,311,290,263,291,301,327,374,338,297,327,333,355,356,374,314,311,278,288,338,340,399,379,300,286,349,322,361,60287,181,120.835133,115.238906,0,0,0,0,59903,0,0,0,0,0,0,0,0,0,0,0,0,0,0,1,383,0,0,0,0,297,266,295,307,298,266,291,289,357,323,370,390,319,353,351,298,359,354,358,304,262,337,358,355,358,349,299,332,304,306,360,10,5,961,83,356,697.133
60115,180,115.781601,3284.361448,59704,0,0,0,0,0,0,0,0,0,0,0,0,0,0,3,0,0,0,1,407,0,0,0,0,292,272,312,296,311,290,263,291,301,327,374,338,297,327,333,355,356,374,314,311,278,288,338,340,399,379,300,286,349,322,361,60287,181,120.835133,115.238906,0,0,0,0,59903,0,0,0,0,0,0,0,0,0,0,0,0,0,0,1,383,0,0,0,0,297,266,295,307,298,266,291,289,357,323,370,390,319,353,351,298,359,354,358,304,262,337,358,355,358,349,299,332,304,306,360,10,5,963,67,972,644.076
60115,180,115.781601,3284.361448,59704,0,0,0,0,0,0,0,0,0,0,0,0,0,0,3,0,0,0,1,407,0,0,0,0,292,272,312,296,311,290,263,291,301,327,374,338,297,327,333,355,356,374,314,311,278,288,338,340,399,379,300,286,349,322,361,60287,181,120.835133,115.238906,0,0,0,0,59903,0,0,0,0,0,0,0,0,0,0,0,0,0,0,1,383,0,0,0,0,297,266,295,307,298,266,291,289,357,323,370,390,319,353,351,298,359,354,358,304,262,337,358,355,358,349,299,332,304,306,360,10,5,971,40,439,189.28
60115,180,115.781601,3284.361448,59704,0,0,0,0,0,0,0,0,0,0,0,0,0,0,3,0,0,0,1,407,0,0,0,0,292,272,312,296,311,290,263,291,301,327,374,338,297,327,333,355,356,374,314,311,278,288,338,340,399,379,300,286,349,322,361,60287,181,120.835133,115.238906,0,0,0,0,59903,0,0,0,0,0,0,0,0,0,0,0,0,0,0,1,383,0,0,0,0,297,266,295,307,298,266,291,289,357,323,370,390,319,353,351,298,359,354,358,304,262,337,358,355,358,349,299,332,304,306,360,10,5,999,18,519,111.092
